18,50,45,66,86,34
14,41,93,35,100,15,1
59,96,83,9,64,75,69
89,5,7,79,2,53,74
92,26,61,15,25,74,2
69,34,82,26,24
96,32,20,73,38,6
76,66,99,16,36,38,25,83
35,20,18,73,95,73,99
55,43,89,2,69,71,94,99
11,23,66,19
82,30,39,81,73,52,25,20,98,52
62,93,54,14,51,25
24,101,80,32,21,20,50
50,37,57,42
81,96,32,24
88,5,16
44,16,14,24,5,45,30,2
49,88,19,13,70,71
56,58,63,101,101,53,79,82,12,68
96,39,74,84,40,79
28,78,19,5,63
53,25,50,37,72,90,52,25,10,89
29,70,70,49,63,100,25,7,45
96,39,38,35,14
74,30,14,94,54,38
74,34,55,27,23,27
84,9,100,18,3,24
62,40,78,96,11,31,11,36,36
55,65,85
85,67,89,100
8,19,88,66,21,24,35,4,38
78,73,2,49
53,89,1,86,5,76,13,97,71,51
44,55,26,89,57,5,47
51,1,8,61,50
10,78,55,82,49,56
61,81,78,47,22,58,9,66,40
41,4,47,91,24,53,16,72
72,42,62,25,47,81
49,93,11,29,26,76,100,49,92
37,62,2,34,6,92,46,7,74
100,71,15
62,65,97,2,60,32,29
4,84,49,50
31,47,59,12,91,18,94,92,64,9
14,59,21,44,14
8,75,90,74,18,99
48,24,64,98,81,7,2,65,37
61,95,56,17
